Алгоритмы вычисления степени числа:
+--------------------------+--------------------------------------------------------------------------------------------------------------+
|                          |                                    Варианты и время выполнения в секундах                                    |
|         Алгоритм         +----------+----------+----------+----------+----------+----------+----------+----------+----------+-----------+
|                          |    0     |    1     |    2     |    3     |    4     |    5     |    6     |    7     |    8     |     9     |
+--------------------------+----------+----------+----------+----------+----------+----------+----------+----------+----------+-----------+
| Итеративный (с)          | 0.000017 | 0.000001 | 0.000006 | 0.000032 |   0.0003 | 0.002977 | 0.029796 | 0.296441 |  2.95749 | 29.657495 |
| Домножение (с)           | 0.000008 | 0.000001 | 0.000004 | 0.000008 | 0.000106 |  0.00142 | 0.004759 | 0.098031 |  1.36883 |  4.182602 |
| Двоичное разложение (с)  | 0.000003 | 0.000002 | 0.000002 | 0.000001 | 0.000001 | 0.000001 | 0.000001 | 0.000001 | 0.000002 |  0.000002 |
+--------------------------+----------+----------+----------+----------+----------+----------+----------+----------+----------+-----------+

Алгоритмы вычисления чисел Фибоначчи:

+--------------------------+--------------------------------------------------------------------------------------------------------------------------------------------------+
|                          |                                    Варианты и время выполнения в секундах                                                                        |
|         Алгоритм         +----------+----------+----------+----------+----------+----------+----------+----------+----------+-----------+-----------+-----------+-----------+
|                          |    0     |    1     |    2     |    3     |    4     |    5     |    6     |    7     |    8     |     9     |    10     |    11     |    12     |
+--------------------------+----------+----------+----------+----------+----------+----------+----------+----------+----------+-----------+-----------+-----------+-----------+
| Рекурсивный              | 0.000003 | 0.000010 | 0.000011 | 0.000001 | 0.000002 | 0.000002 | 0.000019 |          |          |           |           |           |           |
| Итеративный              | 0.000011 | 0.000002 | 0.000003 | 0.000002 | 0.000002 | 0.000003 | 0.000002 | 0.000006 | 0.000055 |  0.001007 |  0.056655 |  6.797330 | 937.35730 |
| Золотое сечение          | 0.000022 | 0.000006 | 0.000004 | 0.000003 | 0.000003 | 0.000003 | 0.000003 | 0.000008 | 0.000013 |  0.000179 |  0.005378 |  0.100187 |   1.74089 |
| Умножение матриц         | 0.000008 | 0.000003 | 0.000029 | 0.000020 | 0.000014 | 0.000013 | 0.000034 | 0.000048 | 0.000072 |  0.000119 |  0.001123 |  0.024928 |   0.38002 |
+--------------------------+----------+----------+----------+----------+----------+----------+----------+----------+----------+-----------+-----------+-----------+-----------+

Алгоритмы поиска количества простых чисел

+--------------------------+--------------------------------------------------------------------------------------------------------------------------------------------------------------------------+
|                          |                                    Варианты и время выполнения в секундах                                                                                                |
|         Алгоритм         +----------+----------+----------+----------+----------+----------+----------+----------+----------+-----------+-----------+-----------+-----------+-----------+-----------+
|                          |    0     |    1     |    2     |    3     |    4     |    5     |    6     |    7     |    8     |     9     |    10     |    11     |    12     |    13     |    14     |
+--------------------------+----------+----------+----------+----------+----------+----------+----------+----------+----------+-----------+-----------+-----------+-----------+-----------+-----------+
| Перебор делителей A      | 0.000003 | 0.000001 | 0.000001 | 0.000001 | 0.000001 | 0.000001 | 0.000036 | 0.001825 | 0.168833 | 16.929844 |           |           |           |           |           |
| Перебор делителей B      | 0.000003 | 0.000001 | 0.000002 | 0.000002 | 0.000001 | 0.000001 | 0.000008 | 0.000290 | 0.020054 |  1.531656 | 128.15521 |           |           |           |           |
| Перебор делителей C      | 0.000002 | 0.000001 | 0.000003 | 0.000001 | 0.000001 | 0.000001 | 0.000004 | 0.000192 | 0.010018 |  0.770183 |  64.55911 |           |           |           |           |
| Перебор делителей D      | 0.000003 | 0.000002 | 0.000001 | 0.000001 | 0.000001 | 0.000001 | 0.000003 | 0.000031 | 0.000511 |  0.010335 |  0.236040 |  5.886339 | 159.32864 |           |           |
| Перебор делителей E      | 0.000004 | 0.000002 | 0.000001 | 0.000002 | 0.000001 | 0.000002 | 0.000004 | 0.000024 | 0.000271 |  0.004186 |  0.076282 |  1.759562 |  46.11588 |           |           |
| Использование массива    | 0.000004 | 0.000004 | 0.000004 | 0.000003 | 0.000002 | 0.000003 | 0.000005 | 0.000029 | 0.000389 |  0.004429 |  0.067776 |  1.279699 |  28.57707 |           |           |
| Решето Эратосфена        | 0.000005 | 0.000011 | 0.000012 | 0.000002 | 0.000002 | 0.000002 | 0.000004 | 0.000011 | 0.000084 |  0.000812 |  0.010358 |  0.142946 |  1.671477 |  18.26913 |   2.17266 |
+--------------------------+----------+----------+----------+----------+----------+----------+----------+----------+----------+-----------+-----------+-----------+-----------+-----------+-----------+
